;; cols = [ RN NOL ]
0 46
1 66
2 124
3 78
4 146
5 22
6 15
7 149
8 17
9 148
10 186
11 181
12 140
13 108
14 170
15 136
16 93
17 184
18 49
19 140
20 87
21 138
22 190
23 158
24 149
25 47
26 34
27 69
28 36
29 147
30 123
31 98
32 92
33 44
34 115
35 63
36 137
37 93
38 160
39 98
40 35
41 66
42 31
43 94
44 128
45 187
46 46
47 98
48 145
49 104
50 116
51 136
52 160
53 105
54 33
55 154
56 177
57 53
58 85
59 64
60 180
61 47
62 151
63 116
64 134
65 80
66 50
67 155
68 115
69 53
70 32
71 160
72 39
73 108
74 121
75 25
76 24
77 117
78 113
79 93
80 115
81 49
82 162
83 187
84 152
85 90
86 107
87 118
88 137
89 183
90 67
91 172
92 118
93 99
94 184
95 124
96 105
97 157
98 27
99 170
