;; cols = [ RN NOL ]
0 7
1 5
2 4
3 3
4 6
5 8
6 9
7 3
8 7
9 4
10 9
11 9
12 5
13 3
14 8
15 4
16 8
17 2
18 9
19 7
20 7
21 8
22 3
23 10
24 4
25 7
26 10
27 6
28 5
29 8
30 8
31 10
32 5
33 8
34 5
35 9
36 9
37 5
38 3
39 9
40 4
41 3
42 6
43 6
44 9
45 3
46 9
47 9
48 6
49 8
50 9
51 9
52 6
53 9
54 9
55 4
56 9
57 8
58 2
59 9
60 10
61 3
62 6
63 10
64 5
65 4
66 6
67 7
68 9
69 3
70 3
71 3
72 7
73 5
74 5
75 7
76 10
77 10
78 10
79 9
80 10
81 9
82 8
83 5
84 8
85 3
86 8
87 9
88 4
89 4
90 9
91 4
92 9
93 9
94 4
95 10
96 6
97 7
98 8
99 2
