;; cols = [ PID BS WT NOM TIME_T ]
1 6 1.0 5 1.8
2 4 0.0 7 1.4
3 3 1.0 10 1.7
4 1 0 4 0.3
5 5 0.0 3 2.1
6 6 1.0 6 1.1
7 7 0.0 2 1.1
8 3 1.0 8 2.4
9 5 1.0 3 1.1
10 1 0 7 2.2
11 7 1.0 5 0.6
12 6 0.0 3 1.7
13 2 0.0 2 1.1
14 7 0.0 6 0.7
15 4 1.0 8 1.9
16 6 0.0 10 0.8
17 1 0 4 0.1
18 8 0.0 10 0.6
19 3 1.0 3 1.0
20 1 0 6 1.8
21 1 0 6 1.7
22 1 0 3 1.2
23 1 0 9 1.3
24 6 0.0 3 1.7
25 1 0 4 2.3
26 1 0 3 1.6
27 1 0 2 1.5
28 5 1.0 9 0.9
29 1 0 2 1.3
30 1 0 3 2.2
31 1 0 2 1.3
32 3 1.0 4 1.2
33 1 0 4 0.5
34 1 0 7 0.6
35 5 0.0 10 1.7
36 1 0 7 0.8
37 1 0 6 1.5
38 5 0.0 5 1.7
39 6 0.0 6 0.3
40 6 0.0 5 1.1
41 7 1.0 9 1.0
42 3 1.0 8 1.0
43 5 0.0 4 1.6
44 1 0 10 0.7
45 1 0 8 1.7
46 2 1.0 8 0.8
47 7 0.0 3 1.1
48 3 0.0 7 1.6
49 6 1.0 10 1.0
50 1 0 9 1.8
51 7 0.0 2 1.7
52 8 1.0 7 1.8
53 4 0.0 6 0.6
54 7 1.0 3 1.4
55 1 0 4 1.3
56 1 0 9 0.9
57 1 0 9 1.2
58 4 1.0 6 1.3
59 5 1.0 8 1.4
60 1 0 3 1.4
61 4 1.0 3 0.8
62 7 0.0 4 0.8
63 5 0.0 5 2.0
64 3 0.0 9 1.5
65 1 0 7 2.5
66 1 0 9 1.3
67 1 0 6 1.1
68 1 0 2 1.6
69 1 0 9 0.8
70 1 0 6 2.0
71 1 0 7 2.6
72 1 0 2 1.0
73 1 0 9 1.0
74 1 0 5 1.5
75 7 0.0 9 1.1
76 2 1.0 7 0.1
77 8 0.0 4 2.0
78 1 0 8 1.3
79 1 0 4 1.0
80 1 0 2 1.1
81 5 0.0 6 1.4
82 5 1.0 6 1.7
83 1 0 3 1.7
84 7 0.0 8 2.0
85 1 0 8 1.1
86 1 0 2 1.1
87 6 1.0 2 1.4
88 1 0 6 1.0
89 7 1.0 6 1.9
90 4 1.0 4 0.9
91 1 0 7 0.8
92 7 1.0 2 1.4
93 3 0.0 5 1.2
94 1 0 5 0.1
95 2 0.0 4 0.6
96 1 0 4 1.5
97 1 0 3 1.1
98 7 1.0 7 1.1
99 1 0 6 0.2
100 1 0 5 1.5
