;; cols = [ RN NOL ]
0 18
1 8
2 2
3 15
4 6
5 15
6 3
7 11
8 15
9 15
10 7
11 3
12 19
13 19
14 15
15 10
16 11
17 16
18 10
19 7
20 3
21 6
22 10
23 2
24 12
25 8
26 12
27 8
28 6
29 10
30 14
31 7
32 7
33 4
34 17
35 10
36 3
37 12
38 9
39 15
40 20
41 10
42 19
43 2
44 9
45 19
46 6
47 19
48 16
49 11
50 15
51 17
52 12
53 9
54 17
55 11
56 17
57 10
58 16
59 13
60 10
61 6
62 4
63 18
64 4
65 4
66 10
67 3
68 17
69 10
70 6
71 8
72 17
73 6
74 3
75 6
76 17
77 12
78 8
79 3
80 9
81 4
82 13
83 12
84 13
85 18
86 9
87 15
88 10
89 3
90 5
91 2
92 16
93 9
94 20
95 8
96 9
97 5
98 14
99 6
