;; cols = [ PID BS WT NOM TIME_T ]
1 1 0 8 1.1
2 1 0 4 0.6
3 3 2.0 3 0.3
4 7 2.0 5 0.9
5 1 0 3 1.0
6 7 2.0 3 0.7
7 1 0 9 0.9
8 1 0 2 1.1
9 2 1.0 6 1.6
10 1 0 9 1.1
11 3 1.0 3 0.4
12 1 0 3 0.5
13 2 1.0 6 1.2
14 3 1.0 6 1.4
15 1 0 2 1.2
16 2 1.0 6 0.3
17 6 1.0 3 1.3
18 5 1.0 9 1.1
19 1 0 4 1.2
20 1 0 3 0.5
21 1 0 9 1.8
22 1 0 3 0.8
23 1 0 5 0.5
24 2 1.0 5 2.1
25 1 0 8 1.0
26 5 2.0 7 0.4
27 1 0 10 1.0
28 1 0 3 1.9
29 6 2.0 2 0.1
30 4 2.0 4 1.0
31 2 1.0 5 1.8
32 3 1.0 8 0.9
33 3 2.0 9 1.4
34 1 0 3 0.9
35 1 0 6 1.0
36 1 0 7 1.8
37 6 2.0 10 1.5
38 1 0 4 1.1
39 7 1.0 2 1.5
40 1 0 7 1.5
41 5 1.0 8 0.7
42 1 0 7 2.1
43 1 0 8 1.6
44 1 0 5 1.6
45 1 0 8 1.2
46 1 0 9 1.2
47 1 0 7 0.9
48 2 2.0 7 1.3
49 1 0 5 1.9
50 6 1.0 3 1.2
