;; cols = [ PID BS WT NOM TIME_T ]
1 1 0 11 1.3
2 3 2.0 5 1.8
3 6 2.0 7 0.7
4 1 0 10 1.5
5 1 0 12 1.0
6 1 0 7 1.6
7 3 1.0 9 1.7
8 1 0 11 0.5
9 2 2.0 14 1.5
10 1 0 14 1.6
11 2 2.0 17 0.8
12 1 0 13 1.2
13 1 0 11 1.5
14 6 1.0 8 1.1
15 6 1.0 16 1.4
16 1 0 13 0.8
17 1 0 18 1.0
18 3 2.0 14 1.4
19 1 0 6 0.8
20 1 0 17 1.2
21 4 1.0 17 1.1
22 1 0 6 1.5
23 1 0 10 1.4
24 7 1.0 7 0.6
25 6 1.0 8 1.7
26 8 2.0 16 1.4
27 8 2.0 9 0.8
28 1 0 12 1.7
29 6 2.0 13 0.9
30 1 0 18 0.9
31 2 1.0 4 1.2
32 3 1.0 12 0.9
33 1 0 10 0.9
34 4 2.0 6 1.3
35 1 0 14 1.4
36 1 0 4 2.2
37 3 2.0 5 1.9
38 1 0 17 0.4
39 7 2.0 8 1.0
40 1 0 7 1.3
41 1 0 19 0.5
42 1 0 9 0.4
43 1 0 14 0.1
44 1 0 18 1.2
45 3 2.0 6 0.9
46 1 0 7 1.4
47 1 0 5 1.8
48 1 0 7 1.8
49 1 0 5 1.1
50 1 0 10 2.1
51 6 2.0 5 1.2
52 1 0 19 1.1
53 7 1.0 10 0.8
54 1 0 7 1.4
55 3 2.0 19 0.1
56 5 2.0 5 1.8
57 5 2.0 17 1.5
58 4 2.0 10 1.4
59 7 1.0 18 1.1
60 1 0 7 0.9
61 1 0 11 2.5
62 3 1.0 20 1.5
63 3 1.0 4 2.2
64 1 0 10 0.8
65 3 2.0 5 1.0
66 1 0 7 1.7
67 5 1.0 9 0.5
68 2 2.0 16 0.7
69 3 2.0 17 1.6
70 3 2.0 12 0.1
71 8 2.0 9 1.2
72 1 0 8 0.6
73 1 0 4 1.3
74 1 0 16 1.5
75 2 1.0 4 1.9
76 7 2.0 16 0.6
77 6 2.0 14 1.6
78 1 0 5 0.9
79 7 1.0 12 0.2
80 1 0 11 1.5
81 1 0 20 1.3
82 5 1.0 10 1.9
83 1 0 4 1.3
84 1 0 9 0.2
85 5 2.0 4 0.9
86 1 0 7 1.4
87 5 2.0 4 1.3
88 1 0 16 1.3
89 1 0 14 1.3
90 5 1.0 11 1.4
91 8 1.0 16 1.1
92 8 1.0 18 1.3
93 1 0 13 0.6
94 1 0 12 0.2
95 6 2.0 9 0.9
96 1 0 5 1.7
97 1 0 14 1.2
98 1 0 10 1.5
99 1 0 9 0.6
100 1 0 5 0.7
